1000000000000000000000000000000010000000000000000000000000000001
1010000000000000000000000000000011100000000000000000000000000000
1011100000000000000000000000000001001000000000000000000000000000
1001001000000000000000000000000001101110000000000000000000000000
1101101110000000000000000000000000110100100000000000000000000000
0110110100100000000000000000000000011110111000000000000000000000
0011011110111000000000000000000000001101010010000000000000000000
0001101101010010000000000000000000000111011011100000000000000000
0000110111011011100000000000000000000010101101001000000000000000
0000011010101101001000000000000000000010100111101110000000000000
0000001110100111101110000000000000000010110011010100100000000000
0000000101110011010100100000000000000010010001110110111000000000
0000000100100001110110111000000000000011011100101011010010000000
0000000110111000101011010010000000000001101000101001111011100000
0000000011010010101001111011100000000000111110101100110101001000
0000000001111010101100110101001000000000011101100100011101101110
1000000000110110100100011101101110000000001010100111001010110100
1110000000011011110111001010110100100000001010110010001010011110
0100100000001101101010001010011110111000001010010011101011001101
0110111000000110111011101011001101010010001011011001011001000111
1011010010000011010101011001000111011011101001101001001001110010
1001111011100001110101001001110010101101011100111101101100100010
1100110101001000101101101100100010100111001000011010110100111010
0100011101101110100110110100111010110010001110001110011110010110
0111001010110101110011011110010110010011100100100100001100010010
0010001010011100100001101100010010011001000110110111000101011011
0011101011001000111000110101011011001001110011011010010101001101
1001011001001110010010011101001101001100100001101111010101100111
0001001001100100011011001011100111100100111000110110110100100011
0101101100100111001101001001000011000110010010011011011110111001
0100110100110010000111101101110001010010011011001101101101010001
0110011110010011100011010110100101011011001101000110110111011101
0010001100011001001001110011110101001101000111110011011010101011
0011100101001001101100100001101101100111110011100001101110101001
1001000101101100110100111000110110100011100001001000110101101101
1001110100110100011110010010011011111001001001101110011100110110
1100101110011111001100011011001101110001101100110100001000011011
1000100100001110000101001101000110100100110100011111001110001101
1010110111000100100101100111110011110110011111001110000100100110
1010011010010110110100100011100001101010001110000100100110110011
